[1] "/Users/Sunny/Desktop/hw-stat133/workout1/code"
[1] "/Users/Sunny/Desktop/School/Berkeley/Fall 2018/Stat133/warmup04"
# A tibble: 30 x 15
   team  experience salary points3 points2 points1 points off_rebounds
   <chr>      <dbl>  <dbl>   <int>   <int>   <int>  <int>        <int>
 1 ATL          100 9.34e7     660    2337    1453   8107          832
 2 BOS           63 9.19e7     985    2183    1536   8857          744
 3 BRK           70 7.62e7     777    2040    1444   7855          689
 4 CHI           59 9.25e7     565    2162    1330   7349          865
 5 CHO           63 8.85e7     808    2089    1497   8099          621
 6 CLE          145 1.27e8    1030    2148    1384   8770          735
 7 DAL           65 9.28e7     712    1754    1007   6651          521
 8 DEN           83 7.90e7     868    2351    1477   8783          872
 9 DET           55 1.03e8     631    2638    1140   8309          908
10 GSW          113 1.00e8     982    2545    1455   9491          770
# ... with 20 more rows, and 7 more variables: def_rebounds <int>,
#   assists <int>, steals <int>, blocks <int>, turnovers <int>,
#   fouls <int>, efficiency <dbl>
[1] 243432
# A tibble: 30 x 15
   team  experience salary points3 points2 points1 points off_rebounds
   <chr>      <dbl>  <dbl>   <int>   <int>   <int>  <int>        <int>
 1 ATL          100 9.34e7     660    2337    1453   8107          832
 2 BOS           63 9.19e7     985    2183    1536   8857          744
 3 BRK           70 7.62e7     777    2040    1444   7855          689
 4 CHI           59 9.25e7     565    2162    1330   7349          865
 5 CHO           63 8.85e7     808    2089    1497   8099          621
 6 CLE          145 1.27e8    1030    2148    1384   8770          735
 7 DAL           65 9.28e7     712    1754    1007   6651          521
 8 DEN           83 7.90e7     868    2351    1477   8783          872
 9 DET           55 1.03e8     631    2638    1140   8309          908
10 GSW          113 1.00e8     982    2545    1455   9491          770
# ... with 20 more rows, and 7 more variables: def_rebounds <int>,
#   assists <int>, steals <int>, blocks <int>, turnovers <int>,
#   fouls <int>, efficiency <dbl>
[1] "double"
  [1] 26.540100 12.000000  8.269663  1.450000  1.410598  6.587132
  [7]  6.286408  1.825200  4.743000  5.000000  1.223653  3.094014
 [13]  3.578880  1.906440  8.000000  0.242224  7.806971  0.024022
 [19]  0.259626  0.402043  0.005145  9.700000 12.800000  1.551659
 [25]  0.874636  0.543471 21.165675  5.239437 17.638063  0.207722
 [31] 30.963450  2.500000 15.330435  1.589640  7.330000  1.577280
 [37] 26.540100 14.200000  0.543471  2.703960 14.382022 12.000000
 [43]  1.921320  0.874636  5.300000  1.196040  6.050000 12.250000
 [49]  3.730653 22.116750  1.200000  1.191480  0.543471  0.543471
 [55] 15.944154  5.000000 16.957900  2.006640 12.000000  7.400000
 [61]  5.893981  2.870813  3.386598  1.499760  2.708582 23.180275
 [67]  8.400000  0.072193  0.392478 15.730338  4.000000  0.128623
 [73]  2.500000  4.837500  1.015696 20.072033  0.418228  2.318280
 [79]  3.850000  2.281605  0.051449  0.035166  2.995421 17.100000
 [85]  5.374320  1.551659 12.517606 15.200000  0.925000  9.607500
 [91]  1.403611 12.500000 10.500000  1.811040  6.348759  1.551659
 [97]  0.236457  2.568600  2.368327  2.700000 10.230179  4.583450
[103]  0.650000  1.050500  8.800000  1.052342  1.800000  4.000000
[109]  4.000000 10.770000  2.463840 18.314532  1.052342  7.000000
[115] 14.153652  3.488000  1.453680  2.112480  0.874636  2.092200
[121] 23.200000  1.015696  1.643040 17.552209  1.709720  3.183526
[127]  5.782450  0.750000  0.425000 14.000000 13.219250  2.898000
[133] 15.890000 22.116750  4.000000  5.782450  0.874636  2.593440
[139]  1.227000  0.374933  0.543471  5.628000  4.000000  6.000000
[145]  1.015696 22.116750  6.500000  1.551659  7.000000  0.874636
[151]  1.704120  6.000000 10.991957  3.678319  4.625000  0.650000
[157]  2.255644 14.956522  2.969880 17.200000  0.375579  1.050961
[163]  0.231521  0.874636  5.318313  2.730000  6.511628  0.276827
[169] 12.000000  6.333333 12.250000 13.000000  0.138938 20.869566
[175]  6.000000  0.543471 24.559380  0.243860 11.242000 21.323250
[181] 17.000000  1.015696  4.317720  3.900000  6.191000  0.543471
[187]  0.543471  2.898000  0.543471  1.410598  1.375000  4.351320
[193]  0.051449  0.440078 17.000000  5.000000  1.209680  7.250000
[199]  0.980431  2.613600 17.000000 15.000000  6.540000  0.031969
[205]  3.909840 11.750000  0.031969  0.950000 10.000000  0.038903
[211]  2.318280  9.000000  0.442126  4.788840  9.424084  4.826160
[217]  1.514160  0.057672  2.993040  1.025831  1.015696  8.000000
[223]  0.096969  0.874636  8.550000  1.326960  6.088993  1.015696
[229]  0.194494 21.165675  1.562280  4.347826  1.074145 11.483254
[235]  0.980431  3.000000  3.333333  5.000000  1.914544  2.500000
[241]  1.395600  0.980431  0.726672  9.250000  0.202300  1.551659
[247] 11.131368  1.171560  1.551659 15.330435  1.015696  0.980431
[253]  1.403611 26.540100  1.182840 16.663575  0.383351  0.543471
[259]  5.782450 12.112359  2.898000  0.543471 10.000000  1.551659
[265]  0.543471  1.180080  2.898000  0.663810  0.874636 17.638063
[271]  1.192080 20.575005 14.000000  0.210995  3.578948 15.500000
[277] 14.445313  0.934293  0.543471  1.296240 12.385364  0.305000
[283] 26.540100  7.000000  1.045000  2.898000  6.000000 18.735364
[289]  1.720560  7.806971  0.181969  1.315448 11.000000 20.140838
[295]  1.551659  1.273920 22.868827 21.165675  0.543471  7.377500
[301] 13.253012  2.203000  1.403611  3.500000  1.551659  5.628000
[307] 10.154495  7.000000  3.940320 11.050000  8.000000 16.073140
[313]  1.015696  2.250000 11.000000  0.600000  0.937800  1.406520
[319]  2.121288  2.433334  2.340600  5.994764  2.183072  2.440200
[325]  2.483040 17.145838  0.980431  1.191480  4.837500  3.750000
[331]  0.247991 26.540100  0.543471  3.140517  8.950000  6.552960
[337]  0.945000  5.700000 22.116750  1.369229  2.898000  0.980431
[343]  1.286160 21.165675 26.540100  0.603558  5.505618  3.332940
[349]  4.264057  1.793760  0.083119 10.361445  7.680965 18.500000
[355]  3.219579 24.328425  6.666667 16.393443  0.600000  1.921320
[361]  8.988764  9.213484  2.751360  0.874636  1.350120  0.495227
[367] 15.050000  8.070175  3.241800  1.655880  3.210840  4.540525
[373]  0.150000  1.987440 12.078652  1.627320  2.328530  3.500000
[379]  1.358500  5.000000  3.533333 11.200000  4.600000 22.116750
[385]  0.543471  2.978250 16.957900  0.576724  8.081363  0.091274
[391]  0.234915 11.286518  9.904494  3.000000  0.079922  0.252676
[397] 11.241218  2.090000  0.650000  0.031969  1.015696  4.228000
[403] 25.000000  0.543471  8.375000 22.116750  4.096950  0.063938
[409]  0.680937  0.119494  4.384490  0.543471  0.105498  0.874636
[415]  2.898000 17.100000  8.000000 12.500000  4.008882  3.517200
[421]  5.229454  8.000000  2.202240  0.082979  8.046500  5.200000
[427]  1.439880 13.333333  1.188840  1.315448 10.661286  3.551160
[433]  2.022240  6.006600  3.500000  7.643979  2.348783  0.635753
[439]  3.911380  5.960160  3.872520  3.800000 13.550000  3.046299
[445]  1.339680  2.240880  5.281680  7.600000  5.332800  0.137466
[451]  1.034956 12.500000  3.267120 18.000000  1.551659  5.443918
[457]  6.191000  1.050961 16.000000  1.733880  0.874636  4.823621
[463] 12.606250  0.543471  2.223600  4.276320  0.023069 14.000000
[469] 10.470000  0.102898  0.469841  4.000000  2.941440  0.465143
[475]  2.128920  0.918369 12.415000
# A tibble: 30 x 15
   team  experience salary points3 points2 points1 points off_rebounds
   <chr>      <dbl>  <dbl>   <int>   <int>   <int>  <int>        <int>
 1 ATL          100 9.34e7     660    2337    1453   8107          832
 2 BOS           63 9.19e7     985    2183    1536   8857          744
 3 BRK           70 7.62e7     777    2040    1444   7855          689
 4 CHI           59 9.25e7     565    2162    1330   7349          865
 5 CHO           63 8.85e7     808    2089    1497   8099          621
 6 CLE          145 1.27e8    1030    2148    1384   8770          735
 7 DAL           65 9.28e7     712    1754    1007   6651          521
 8 DEN           83 7.90e7     868    2351    1477   8783          872
 9 DET           55 1.03e8     631    2638    1140   8309          908
10 GSW          113 1.00e8     982    2545    1455   9491          770
# ... with 20 more rows, and 7 more variables: def_rebounds <int>,
#   assists <int>, steals <int>, blocks <int>, turnovers <int>,
#   fouls <int>, efficiency <dbl>
# A tibble: 30 x 15
   team  experience salary points3 points2 points1 points off_rebounds
   <chr>      <dbl>  <dbl>   <int>   <int>   <int>  <int>        <int>
 1 ATL          100 9.34e7     660    2337    1453   8107          832
 2 BOS           63 9.19e7     985    2183    1536   8857          744
 3 BRK           70 7.62e7     777    2040    1444   7855          689
 4 CHI           59 9.25e7     565    2162    1330   7349          865
 5 CHO           63 8.85e7     808    2089    1497   8099          621
 6 CLE          145 1.27e8    1030    2148    1384   8770          735
 7 DAL           65 9.28e7     712    1754    1007   6651          521
 8 DEN           83 7.90e7     868    2351    1477   8783          872
 9 DET           55 1.03e8     631    2638    1140   8309          908
10 GSW          113 1.00e8     982    2545    1455   9491          770
# ... with 20 more rows, and 7 more variables: def_rebounds <int>,
#   assists <int>, steals <int>, blocks <int>, turnovers <int>,
#   fouls <int>, efficiency <dbl>
# A tibble: 30 x 15
   team  experience salary points3 points2 points1 points off_rebounds
   <chr>      <dbl>  <dbl>   <int>   <int>   <int>  <int>        <int>
 1 ATL          100 9.34e7     660    2337    1453   8107          832
 2 BOS           63 9.19e7     985    2183    1536   8857          744
 3 BRK           70 7.62e7     777    2040    1444   7855          689
 4 CHI           59 9.25e7     565    2162    1330   7349          865
 5 CHO           63 8.85e7     808    2089    1497   8099          621
 6 CLE          145 1.27e8    1030    2148    1384   8770          735
 7 DAL           65 9.28e7     712    1754    1007   6651          521
 8 DEN           83 7.90e7     868    2351    1477   8783          872
 9 DET           55 1.03e8     631    2638    1140   8309          908
10 GSW          113 1.00e8     982    2545    1455   9491          770
# ... with 20 more rows, and 7 more variables: def_rebounds <int>,
#   assists <int>, steals <int>, blocks <int>, turnovers <int>,
#   fouls <int>, efficiency <dbl>
